temp<-structure(list(From.matrix = c(2.29002707738619, 2.87102152292393, 
3.85843142121944, 4.21014597181597, 4.47420187417845, 4.52350185120328, 
4.83802148174634, 4.8793759146803, 5.01705984059152, 5.49911048053711, 
5.59609520078637, 5.80276951290937, 7.63681754290445, 7.69433700947046, 
7.77164759735852, 7.90395230058831, 8.03584523391754, 9.07617669664342, 
9.54793821940738, 9.86374925918616, 10.1412765223629, 10.5884038722773, 
11.5583203862371, 14.7654924570757, 18.4906705292048, 21.4523012158539, 
21.8596883307944, 21.9625461312549, 29.3627028689581, 30.5880501434495, 
37.2048746498991, 37.6518837803332, 38.8165862010603), Pacitini2014 = c(1105.95, 
596.57, 2105.3972, 2063.71, 3218.3145, 1053.682907, 859.7011, 
1766.8702, 2063.71, 9855, 940.1262, 1078.777858, 5306.69155, 
2713.883333, 2693.790067, 2746.4425, 2688, 4734.076867, 3011.876283, 
2634.501667, 2634.501667, 4734.076867, 5976.266667, 5058.9, 5475, 
4917.1705, 6188.575, 3650, 6794.84, 220.35, 7300, 7300, 7300), 
    Especies = structure(c(22L, 47L, 57L, 28L, 45L, 49L, 48L, 
    27L, 28L, 20L, 37L, 30L, 58L, 31L, 42L, 38L, 32L, 54L, 21L, 
    33L, 33L, 54L, 55L, 26L, 56L, 8L, 36L, 40L, 7L, 29L, 4L, 
    34L, 16L), .Label = c("Alces_alces", "Antechinus_bellus", 
    "Bos_frontalis", "Brachyteles_arachnoides", "Canis_lupus", 
    "Capra_ibex", "Cebus_capucinus", "Cercopithecus_mitis", "Cervus_albirostris", 
    "Cervus_elaphus", "Clethrionomys_californicus", "Clethrionomys_rufocanus", 
    "Dugong_dugon", "Eumetopias_jubatus", "Felis_silvestris", 
    "Gorilla_gorilla", "Gulo_gulo", "Halichoerus_grypus", "Hippocamelus_bisulcus", 
    "Homo_sapiens", "Leopardus_pardalis", "Lepus_americanus", 
    "Lepus_europaeus", "Lycaon_pictus", "Lynx_canadensis", "Macaca_mulatta", 
    "Macropus_eugenii", "Marmota_flaviventris", "Microtus_oeconomus", 
    "Mustela_erminea", "Odocoileus_virginianus", "Ovis_aries", 
    "Ovis_canadensis", "Pan_troglodytes", "Panthera_pardus", 
    "Papio_hamadryas", "Peromyscus_caniceps", "Phascolarctos_cinereus", 
    "Propithecus_diadema", "Propithecus_verreauxi", "Pseudalopex_culpaeus", 
    "Puma_concolor", "Rangifer_tarandus", "Rattus_fuscipes", 
    "Saguinus_fuscicollis", "Saguinus_imperator", "Sigmodon_hispidus", 
    "Spermophilus_armatus", "Spermophilus_columbianus", "Spermophilus_lateralis", 
    "Sus_scrofa", "Trichosurus_caninus", "Urocyon_littoralis", 
    "Ursus_americanus", "Ursus_arctos", "Ursus_maritimus", "Vulpes_vulpes", 
    "Zalophus_californianus"), class = "factor")), na.action = structure(c(`3` = 3L, 
`6` = 6L), class = "omit"), row.names = c(9L, 27L, 34L, 12L, 
26L, 29L, 28L, 11L, 13L, 1L, 22L, 15L, 35L, 16L, 25L, 23L, 17L, 
30L, 8L, 19L, 18L, 31L, 32L, 10L, 33L, 5L, 21L, 24L, 4L, 14L, 
2L, 20L, 7L), class = "data.frame")
